Задание 1
1, 2, 3, 4, 5, 6, 7, 8
F

Задание 2
9, 10, 11, 12, 13, d1, 14, 15, 16, 8
F

Задание 3
17, 18, 19, 20, 21, 8, 13, 14, 16
F

Задание 4
22, d2, 23, 24, d3, 25, 26, 27, 28, 8, 18, 21
F

Задание 5
d4, 29, d5, 30, 31, 32, 33, 8, 18, 21, 25, 26, 27, 28
F

Задание 6
34, 35, 36, 37, 38, 8, 18, 26, 28, 33
F

Задание 7
39, 40, 41, 42, 43, 44, 34, 35, 36, 37, 38, 26, 33
F

Задание 8
45, 46, 47, 48, 26, 33, 34, 40, 44
F

Задание 9
49, 50, 51, 34, 45, 47, 48
F

Задание 10
52, d6, 53, d7, 54, 55, 47, 48, 51
F

Задание 11
56, 57, 58, 51, 52, 53, 54,
F
