Задание 1
1, 2, 3, 4, 5, 6
F

Задание 2
7, 8, 9, 10, 11, 12, 13, 5, 6
F

Задание 3
14, 15, 16, 17, 18, 19
F

Задание 4
21, 22, 23, d1, 26, 27, 20, 17
F

Задание 5
d3, 24, 25, 28, 29, 30, d2, 31, 22, 27
F

Задание 6
33, 34, d4, 35, 36, 37, 22, 27, 28, 29, 30, 31
F

Задание 7
38, 39, 40, 22, 28, 33, 35, 36, 37
F

Задание 8
41, 42, 43, 44, 45, 35, 36, 37, 38, 39, 40
F

Задание 9
46, 47, 48, 49, 50, 51, 39, 42, 43, 44
F

Задание 10
52, d5, 53, 54, 55, d6, 56, 42, 43, 50
F

Задание 11
57, 58, 59, 60, 61, 43, 50
F

Задание 12
62, 63, 64, 65, 66, 43, 57, 61,
F
