Задание 1
1, 2, 3, 4, 5, 6, 7, 8, 9, 10
F

Задание 2
11, 12, d1, 13, d2, 14, 15, 16, 17
F

Задание 3
18, 19, 20, 21, 22, 23, 14, 15, 16, 17
F

Задание 4
24, 25, 26, 27, 28, 29, 30, 20, 22, 23
F

Задание 5
31, 32, 33, 34, 35, 36, 37, 22, 28, 29, 30
F

Задание 6
38, 39, 40, 41, 42, 43, 44, 28, 31, 33, 37
F

Задание 7
45, 46, 47, 48, 49, 50, 51, 52, 28, 32, 33, 39, 44
F

Задание 8
53, 54, 55, 56, 57, 58, 59, 60, 61, 62, 63, 64, 32, 33, 39
F

Задание 9
65, 66, 67, 68, 69, 70, 71, 72, 73, 74, 75, 33, 64
F

Задание 10
76, 77, 78, 79, 80, 81, 82, 83, 84, 85, 64, 72, 74, 75
F

Задание 11
86, 87, 88, 89, 90, 91, 92, 93, 94, 74, 75, 81, 85
F

Задание 12
95, 96, 97, 98, 99, 100, 75, 81, 91, 94
F

Задание 13
101, 102, 103, 104, 105, 106, 107, 108, 75, 91, 94, 98, 100
F
